0 1.151
1 0.765
2 0.503
3 0.347
4 0.298
5 0.317
6 0.388
7 0.328
8 0.330
9 0.287
10 0.286
11 0.298
12 0.279
13 0.296
14 0.301
15 0.255
16 0.308
17 0.269
18 0.229
19 0.310
20 0.279
21 0.236
22 0.239
23 0.244
24 0.247
25 0.224
26 0.253
27 0.251
28 0.233
29 0.310
30 0.226
31 0.232
32 0.240
33 0.214
34 0.221
35 0.226
36 0.183
37 0.228
38 0.256
39 0.196
40 0.209
41 0.195
42 0.182
43 0.235
44 0.251
45 0.205
46 0.196
47 0.233
48 0.204
49 0.231
50 0.240
51 0.201
52 0.200
53 0.224
54 0.181
55 0.187
56 0.203
57 0.173
58 0.149
59 0.165
